1
2
3
5
6
7
8
9
11
13
15
16
17
19
20
21
23
25
26
27
29
31
33
34
35
36
37
39
40
41
42
43
44
45
46
47
49
51
53
54
55
56
57
59
60
61
65
67
68
69
71
72
73
75
77
78
80
81
82
83
84
85
87
88
89
91
93
94
95
97
98
99
101
103
105
106
108
109
111
113
114
115
116
117
118
119
120
121
123
125
126
127
128
129
130
131
133
134
135
137
138
139
141
144
145
147
148
149
151
155
157
159
163
164
166
167
169
171
173
174
175
176
177
178
179
181
183
184
185
186
187
188
189
191
192
193
194
195
197
198
199
201
202
203
204
205
206
207
208
209
210
211
212
213
215
216
217
218
219
221
223
225
227
228
229
231
232
233
235
236
237
238
239
240
241
243
245
246
248
249
250
251
253
254
255
257
258
259
260
261
263
264
265
266
267
268
269
270
271
272
273
275
277
279
281
283
284
285
286
287
288
289
290
291
293
294
295
296
297
298
299
300
301
302
303
304
305
306
307
308
309
311
313
314
315
317
319
320
321
322
323
325
327
328
329
331
332
333
335
336
337
339
341
342
343
344
345
347
348
349
