5
7
36
37
38
39
47
56
59
66
70
71
80
85
86
106
109
110
111
112
114
122
127
139
141
145
165
170
171
173
192
198
206
212
214
215
217
223
224
243
252
255
258
261
273
274
278
282
291
293
309
324
330
331
332
335
338
339
346
347
348
359
366
370
377
384
387
392
399
411
415
420
421
444
446
464
474
489
492
495
496
501
514
518
526
529
535
545
552
555
558
563
566
576
585
590
591
593
607
610
611
612
614
636
640
642
645
647
656
662
680
685
687
689
699
711
725
732
734
737
740
742
749
753
755
756
787
795
796
797
801
811
813
814
832
846
851
863
874
884
885
891
900
905
906
913
916
917
922
924
928
930
938
966
983
998
1000
1003
1009
1024
1025
1029
1052
1054
1059
1073
1079
1084
1097
1106
1113
1115
1118
1119
1120
1124
1134
1140
1141
1161
1162
1165
1179
1184
1187
1194
1195
1218
1224
1225
1227
1234
1241
1246
1250
1251
1264
1265
1271
1275
1278
1281
1283
1284
1286
1302
1313
1329
1332
1344
1352
1374
1380
1387
1395
1396
1411
1430
1431
1432
1434
1450
1487
1491
1498
1499
1531
1548
1551
1554
1559
1562
1563
1568
1573
1585
1597
1618
1619
1622
1623
1624
1627
1631
1644
1660
1664
1684
1700
1718
1728
1748
1750
1793
1808
1815
1829
1832
1833
1839
1847
1857
1859
1860
1877
1887
1893
1895
1900
1906
1913
1919
1923
1926
1937
1952
1972
1977
1978
1983
1985
1986
1990
1991
1992
1997
2007
2028
2031
2033
2037
2044
2047
2048
2060
2064
2066
2072
2073
2091
2093
2097
2107
2121
2128
2138
2139
2141
2145
2162
2173
2200
2202
2211
2213
2221
2225
2228
2244
2248
2251
2253
2272
2291
2295
2300
2309
2315
2323
2336
2342
2357
2361
2363
2366
2369
2387
2400
2404
2405
2406
2409
2417
2426
2427
2435
2440
2442
2446
2466
2470
2473
2495
2496
2499
2501
2503
2508
2519
2521
2524
2536
2537
2555
2557
2558
2560
2561
2568
2581
2591
2613
2616
2627
2634
2650
2658
2659
2661
2670
2691
2696
2705
2706
2711
2734
2747
2749
2754
2764
2780
2782
2788
2792
2796
2799
2804
2809
2824
2825
2826
2835
2837
2839
2854
2862
2865
2869
2876
2886
2888
2913
2918
2922
2932
2933
2941
2949
2952
2984
2987
2992
2993
2994
2999
3001
3010
3013
3017
3037
3053
3059
3063
3069
3091
3108
3129
3131
3135
3146
3152
3157
3171
3172
3176
3179
3202
3205
3207
3222
3232
3238
3240
3242
3253
3255
3257
3269
3282
3291
3293
3294
3313
3320
3334
3335
3342
3343
3360
3367
3368
3378
3381
3383
3385
3389
3392
3395
3403
3411
3421
3424
3431
3436
3439
3455
3457
3461
3466
3476
3478
3496
3506
3507
3521
3528
3535
3538
3541
3543
3550
3557
3558
3567
3569
3574
3578
3590
3592
3597
3605
3616
3640
3643
3671
3676
3678
3679
3684
3691
3693
3699
3704
3707
3725
3736
3744
3746
3747
3754
3755
3757
3768
3769
3773
3775
3777
3783
3789
3795
3803
3805
3815
3820
3836
3847
3848
3863
3881
3905
3916
3922
3924
3927
3931
3932
3937
3938
3940
3954
3960
3967
3968
3969
3973
3975
3979
3993
4002
4004
4005
4015
4024
4027
4028
4040
4062
4064
4065
4079
4087
4090
4105
4121
4123
4124
4126
4131
4141
4168
4191
4194
4198
4201
4222
4225
4229
4247
4249
4253
4266
4269
4276
4294
4303
4304
4307
4308
4309
4313
4327
4330
4337
4341
4345
4347
4351
4354
4356
4364
4369
4370
4371
4384
4392
4415
4417
4418
4422
4423
4430
4434
4443
4457
4463
4465
4470
4482
4484
4487
4491
4497
4509
4516
4519
4524
4529
4535
4543
4550
4556
4567
4577
4580
4589
4595
4598
4606
4616
4623
4629
4630
4642
4645
4670
4674
4678
4690
4694
4698
4701
4708
4709
4710
4718
4724
4732
4739
4744
4746
4757
4761
4766
4771
4773
4792
4800
4807
4811
4820
4824
4829
4837
4842
4847
4848
4856
4860
4871
4882
4887
4900
4941
4951
4955
4965
4986
4991
4999
5000
5008
5019
5024
5025
5033
5043
5045
5048
5053
5061
5065
5066
5075
5079
5085
5088
5098
5102
5112
5122
5138
5143
5146
5151
5156
5181
5185
5186
5187
5192
5206
5215
5216
5235
5247
5253
5259
5266
5271
5273
5280
5299
5305
5311
5314
5318
5331
5361
5368
5374
5379
5385
5390
5395
5404
5412
5415
5416
5422
5424
5425
5426
5428
5433
5440
5442
5448
5449
5467
5469
5474
5484
5488
5493
5495
5496
5502
5509
5524
5525
5563
5574
5580
5591
5593
5618
5619
5626
5654
5661
5662
5669
5678
5687
5732
5739
5741
5744
5746
5757
5758
5760
5761
5764
5766
5769
5779
5786
5789
5792
5795
5801
5811
5812
5820
5825
5827
5832
5841
5851
5868
5869
5880
5890
5918
5919
5926
5928
5929
5930
5938
5945
5947
5968
5990
6001
6005
6006
6015
6017
6028
6029
6034
6040
6056
6066
6072
6074
6076
6082
6097
6109
6115
6150
6161
6163
6172
6180
6181
6182
6185
6190
6191
6192
6193
6204
6206
6217
6218
6224
6226
6230
6234
6237
6239
6242
6243
6250
6253
6267
6268
6269
6271
6274
6290
6292
6306
6313
6318
6324
6361
6368
6385
6395
6406
6411
6419
6420
6429
6433
6451
6460
6461
6462
6466
6469
6470
6471
6475
6484
6487
6493
6494
6510
6527
6532
6534
6541
6542
6545
6551
6557
6571
6573
6587
6598
6619
6637
6641
6643
6647
6649
6652
6660
6662
6665
6667
6669
6680
6682
6707
6708
6725
6764
6771
6775
6777
6803
6804
6807
6815
6823
6835
6874
6886
6929
6931
6950
6954
6968
6975
6987
6991
7001
7004
7008
7013
7022
7025
7033
7039
7046
7050
7081
7088
7091
7093
7094
7105
7113
7125
7133
7146
7150
7157
7160
7163
7176
7179
7188
