20
22
51
54
68
72
76
80
84
88
96
102
112
114
140
150
160
186
190
191
200
202
210
220
236
245
256
266
284
286
292
296
298
322
332
348
351
362
374
386
412
414
434
440
442
458
474
483
487
496
504
510
518
561
588
591
592
593
600
618
619
632
636
656
658
661
677
690
702
703
706
722
736
744
756
757
758
760
762
766
769
770
771
778
783
792
800
804
806
814
818
824
830
832
838
840
846
850
878
880
898
904
908
912
917
938
940
942
949
960
965
974
976
977
978
988
1000
1002
1022
1026
1028
1031
1039
1042
1067
1068
1082
1088
1102
1119
1138
1142
1143
1146
1176
1177
1180
1192
1196
1202
1216
1230
1232
1236
1241
1242
1245
1246
1250
1268
1272
1284
1290
1296
1298
1302
1304
1322
1326
1330
1338
1351
1361
1362
1364
1370
1380
1390
1394
1398
1402
1406
1422
1428
1434
1437
1448
1450
1465
1466
1468
1474
1484
1488
1494
1504
1514
1539
1542
1562
1576
1585
1598
1611
1614
1626
1628
1632
1648
1656
1659
1676
1678
1692
1700
1702
1706
1715
1716
1722
1723
1729
1746
1752
1760
1764
1768
1775
1787
1790
1795
1802
1805
1810
1814
1816
1838
1840
1852
1854
1874
1890
1894
1904
1912
1920
1928
1940
1944
1948
1952
1954
1966
1976
1996
2000
2002
2004
2040
2048
2050
2062
2084
2102
2104
2107
2108
2114
2128
2132
2138
2152
2168
2176
2180
2184
2188
2196
2198
2200
2224
2232
2234
2236
2240
2242
2246
2258
2260
2272
2286
2288
2296
2306
2316
2317
2318
2328
2338
2340
2350
2352
2356
2358
2362
2366
2368
2380
2384
2390
2404
2406
2415
2420
2424
2428
2430
2437
2446
2452
2472
2476
2480
2490
2512
2524
2530
2538
2542
2546
2558
2560
2570
2574
2576
2577
2582
2588
2590
2596
2606
2609
2614
2616
2622
2628
2630
2634
2638
2646
2648
2650
2664
2668
2674
2678
2679
2680
2688
2694
2698
2700
2702
2712
2724
2732
2736
2742
2746
2750
2752
2754
2760
2761
2762
2766
2776
2790
2802
2806
2812
2818
2824
2828
2834
2838
2840
2842
2850
2866
2872
2876
2878
2882
2892
2902
2910
2912
2924
2938
2940
2946
2947
2950
2952
2953
2954
2956
2962
2970
2980
2983
2984
2986
2994
2996
3014
3027
3028
3056
3058
3060
3065
3070
3078
3079
3084
3110
3118
3120
3121
3122
3140
3148
3156
3162
3166
3167
3188
3196
3200
3202
3204
3214
3218
3226
3238
3262
3280
3284
3290
3298
3300
3302
3310
3314
3316
3324
3326
3332
3354
3356
3358
3368
3370
3378
3380
3396
3412
3428
3430
3434
3438
3452
3460
3468
3476
3484
3488
3492
3496
3516
3528
3530
3534
3536
3558
3560
3568
3572
3574
3576
3584
3594
3598
3604
3608
3618
3620
3632
3634
3644
3645
3646
3648
3650
3655
3675
3678
3682
3684
3692
3696
3697
3702
3704
3706
3710
3718
3720
3726
3728
3730
3731
3732
3733
3734
3740
3744
3748
3762
3764
3770
3772
3778
3788
3790
3794
3795
3800
3814
3815
3824
3838
3842
3870
3887
3896
3899
3902
3904
3920
3922
3924
3958
3959
3960
3961
3962
3970
3974
3984
3985
3990
4024
4031
4050
4064
4081
4093
4098
4109
4118
4120
4122
4140
4160
4170
4176
4194
4199
4204
4220
4232
4233
4238
4242
4244
4278
4282
4288
4290
4294
4308
4312
4318
4320
4327
4333
4346
4352
4356
4364
4368
4369
4375
4378
4388
4392
4399
4410
4426
4430
4438
4448
4458
4462
4482
4492
4498
4508
4522
4530
4540
4553
4556
4558
4564
4570
4580
4582
4589
4594
4598
4618
4628
4636
4637
4646
4650
4652
4654
4664
4668
4670
4696
4716
4730
4732
4742
4760
4770
4776
4780
4792
4796
4804
4805
4818
4822
4832
4836
4839
4840
4842
4846
4859
4864
4867
4884
4885
4894
4898
4908
4916
4942
4944
4954
4968
4977
4996
5006
5026
5030
5049
5060
5062
5069
5070
5076
5080
5092
5094
5098
5106
5112
5122
5126
5156
5158
5159
5161
5162
5166
5190
5208
5210
5220
5246
5247
5254
5261
5265
5274
5278
5280
5312
5314
5317
5328
5333
5354
5361
5362
5372
5376
5380
5384
5400
5426
5428
5429
5432
5446
5452
5468
5470
5482
5486
5494
5506
5507
5516
5522
5528
5534
5536
5540
5562
5566
5572
5576
5580
5602
5604
5606
5626
5646
5662
5666
5668
5672
5674
5684
5692
5708
5717
5722
5730
5734
5752
5762
5765
5788
5796
5804
5812
5818
5822
5826
5830
5832
5874
5880
5896
5898
5904
5918
5930
5934
5954
5976
5978
5984
5990
5992
5994
5998
6000
6002
6010
6016
6018
6026
6032
6038
6044
6048
6049
6050
6051
6052
6053
6056
6062
6063
6064
6074
6075
6080
6082
6086
6099
6102
6104
6108
6118
6120
6126
6127
6132
6146
6150
6151
6156
6158
6160
6166
6168
6190
6192
6193
6200
6204
6208
6210
6216
6224
6227
6236
6248
6250
6252
6254
6260
6262
6263
6300
6302
6306
6308
6310
6314
6324
6328
6331
6336
6350
6354
6372
6373
6382
6392
6398
6413
6438
6444
6464
6482
6484
6492
6496
6500
6510
6516
6540
6558
6566
6578
6598
6606
6610
6614
6618
6622
6636
6642
6644
6646
6658
6662
6672
6674
6676
6680
6682
6686
6714
6718
6726
6736
6742
6750
6758
6764
6766
6772
6778
6794
6798
6808
6816
6824
6826
6834
6840
6846
6856
6858
6862
6866
6868
6870
6874
6876
6877
6882
6888
6904
6910
6926
6944
6949
6954
6980
6986
6988
6990
6995
6996
6999
7000
7005
7006
7008
7010
7026
7034
7036
7040
7042
7050
7062
7066
7070
7074
7082
7086
7090
7094
7100
7105
7114
7116
7120
7124
7127
7138
7142
7144
7168
7176
7186
7189
7190
7198
7199
7212
7228
7230
7246
7248
7258
7260
