7
48
66
73
74
75
78
103
110
118
125
133
152
174
192
196
198
214
216
267
299
304
328
329
336
372
380
384
389
410
415
435
438
452
457
464
503
505
511
519
524
525
528
566
580
582
590
624
628
629
650
657
660
666
670
676
682
696
705
710
716
717
718
761
764
768
802
825
847
858
891
923
930
939
959
975
992
998
1019
1027
1030
1032
1054
1066
1069
1073
1090
1092
1096
1101
1105
1116
1175
1186
1191
1204
1205
1218
1224
1270
1271
1289
1294
1295
1310
1323
1327
1360
1366
1392
1396
1403
1414
1416
1436
1446
1458
1469
1472
1475
1515
1538
1546
1600
1604
1609
1615
1616
1630
1680
1703
1704
1707
1708
1714
1719
1726
1738
1740
1748
1753
1755
1767
1770
1784
1815
1822
1830
1833
1855
1875
1884
1908
1929
1932
1933
1936
1945
1946
1960
1969
1992
1997
2001
2010
2022
2034
2035
2037
2051
2060
2082
2094
2101
2136
2144
2148
2150
2164
2177
2191
2197
2201
2214
2226
2237
2241
2243
2250
2261
2273
2285
2292
2298
2300
2302
2325
2333
2342
2346
2351
2359
2369
2374
2381
2386
2393
2396
2398
2399
2408
2414
2429
2441
2454
2460
2464
2477
2488
2493
2498
2500
2502
2506
2513
2531
2532
2535
2537
2539
2559
2565
2568
2571
2575
2578
2583
2607
2615
2620
2623
2625
2627
2632
2639
2644
2649
2651
2654
2684
2689
2691
2701
2704
2710
2720
2725
2728
2733
2735
2737
2744
2747
2748
2751
2753
2768
2777
2778
2782
2784
2788
2798
2799
2801
2813
2821
2829
2833
2841
2851
2857
2883
2885
2894
2895
2918
2919
2921
2922
2941
2960
2963
2971
2990
2992
3007
3019
3026
3029
3054
3104
3124
3135
3154
3164
3180
3211
3222
3231
3264
3270
3278
3281
3292
3330
3352
3372
3376
3386
3397
3422
3429
3431
3435
3440
3445
3449
3475
3478
3489
3493
3494
3498
3524
3527
3540
3556
3559
3578
3579
3600
3612
3621
3622
3630
3631
3654
3656
3657
3668
3671
3676
3683
3694
3719
3727
3738
3749
3760
3765
3768
3774
3816
3825
3826
3836
3837
3864
3891
3923
3942
3946
3955
3956
3976
3998
4006
4020
4025
4030
4049
4092
4106
4117
4123
4129
4132
4157
4171
4180
4181
4195
4218
4221
4222
4223
4224
4225
4235
4266
4283
4291
4295
4300
4324
4326
4332
4347
4365
4372
4389
4398
4424
4444
4459
4463
4483
4493
4514
4516
4531
4562
4588
4593
4600
4619
4626
4653
4655
4672
4691
4710
4733
4752
4763
4781
4782
4790
4798
4816
4817
4826
4827
4833
4838
4843
4847
4848
4858
4866
4909
4937
4938
4960
4962
4966
4976
5031
5043
5044
5046
5056
5063
5068
5086
5090
5096
5116
5120
5123
5124
5127
5148
5184
5185
5212
5226
5228
5230
5232
5248
5252
5279
5287
5291
5298
5300
5306
5311
5316
5324
5355
5379
5382
5413
5422
5442
5445
5447
5458
5464
5469
5471
5500
5538
5552
5557
5558
5570
5583
5586
5588
5627
5628
5634
5638
5649
5650
5653
5669
5700
5716
5723
5728
5746
5751
5764
5773
5831
5833
5835
5844
5860
5862
5875
5883
5886
5891
5906
5919
5935
5943
5956
5958
5964
5977
5985
5986
6001
6008
6011
6046
6055
6057
6081
6083
6096
6119
6124
6133
6134
6147
6159
6161
6162
6167
6169
6174
6177
6180
6211
6214
6217
6218
6225
6234
6251
6255
6273
6283
6303
6307
6316
6317
6329
6332
6337
6338
6355
6368
6376
6385
6391
6399
6416
6418
6419
6426
6428
6475
6478
6483
6486
6508
6512
6601
6604
6619
6626
6630
6643
6655
6659
6666
6673
6677
6684
6706
6717
6723
6743
6759
6768
6769
6779
6782
6790
6796
6806
6825
6827
6828
6838
6844
6857
6861
6871
6892
6894
6900
6905
6945
6956
6966
6968
6970
6981
6989
6998
7004
7007
7009
7018
7064
7075
7096
7099
7122
7140
7143
7145
7152
7155
7156
7158
7169
7171
7177
7178
7179
7188
7218
7222
7236
7247
7252
7254
7259
7262
