7
20
54
68
72
73
74
75
76
80
84
88
96
102
103
112
114
125
150
151
186
190
191
200
202
210
211
216
220
245
256
292
296
298
299
332
336
348
362
372
386
410
412
414
415
442
458
473
474
483
487
496
504
505
510
511
524
525
588
590
591
592
593
600
618
619
629
632
636
637
650
656
657
3014
3028
3029
3033
3053
3070
3084
3122
3126
3148
3154
3156
3166
3167
3196
3198
3200
3202
3218
3231
3238
3262
3280
3281
3298
5026
5030
5031
5043
5046
5060
5062
5063
5068
5069
5070
5071
5072
5076
5080
5092
5094
5098
5099
5106
5122
5123
5124
5126
5127
5148
5156
5158
5159
5161
5162
5166
5185
5190
5208
5220
5228
5246
5247
5248
5254
5264
