2
15
39
43
44
51
52
57
70
84
86
89
90
95
98
101
108
115
117
121
134
135
143
148
154
159
160
161
168
169
182
196
210
225
244
245
255
257
263
274
280
286
288
295
297
301
309
310
326
327
347
348
350
363
367
369
374
408
409
414
431
432
434
436
442
460
461
468
472
475
486
490
499
501
506
518
526
532
535
536
549
551
553
554
557
569
580
592
595
605
615
619
621
623
635
640
641
659
684
697
702
706
707
710
717
742
756
789
792
798
800
810
817
823
824
826
829
847
854
856
857
860
861
868
869
874
876
878
879
893
899
901
909
926
929
948
950
951
965
968
971
981
996
1007
1012
1013
1024
1027
1031
1032
1036
1042
1055
1058
1064
1072
1084
1086
1087
1100
1108
1145
1147
1156
1161
1172
1186
1189
1220
1227
1233
1251
1256
1275
1286
1289
1290
1295
1296
1300
1325
1328
1330
1340
1342
1343
1354
1364
1374
1376
1383
1384
1385
1388
1393
1398
1399
1401
1417
1420
1421
1438
1439
1440
1454
1503
1507
1509
1518
1530
1535
1539
1541
1547
1549
1563
1572
1576
1583
1587
1588
1589
1601
1607
1627
1631
1640
1646
1652
1662
1665
1673
1682
1689
1694
1695
1706
1707
1719
1726
1727
1731
1733
1743
1758
1762
1768
1771
1774
1775
1781
1784
1786
1792
1795
1800
1818
1835
1841
1853
1855
1857
1861
1865
1872
1874
1878
1882
1887
1900
1902
1904
1910
1914
1915
1916
1928
1936
1956
1957
1958
1962
1974
1984
1987
1989
2003
2008
2029
2033
2038
2044
2057
2065
2077
2081
2084
2085
2087
2095
2096
2097
2106
2118
2123
2125
2145
2156
2180
2184
2193
2195
2197
2222
2223
2235
2248
2256
2259
2264
2276
2291
2292
2295
2302
2322
2324
2333
2335
2343
2349
2355
2356
2363
2364
2371
2398
2401
2403
2409
2411
2420
2436
2439
2450
2451
2458
2461
2467
2472
2495
2500
2502
2503
2506
2511
2532
2534
2549
2550
2554
2563
2569
2586
2593
2599
2600
2603
2611
2614
2616
2625
2634
2636
2638
2642
2652
2654
2662
2683
2684
2687
2694
2697
2699
2704
2705
2707
2719
2728
2730
2734
2744
2746
2752
2763
2785
2805
2810
2819
2820
2825
2831
2842
2843
2846
2853
2856
2863
2865
2881
2884
2889
2895
2906
2908
2913
2918
2920
2929
2931
2959
2963
2968
2973
2975
2981
2986
2993
2995
3003
3009
3010
3013
3016
3023
3024
3029
3052
3066
3073
3085
3095
3096
3115
3119
3145
3154
3163
3174
3178
3193
3197
3206
3215
3226
3228
3230
3240
3252
3254
3270
3274
3290
3292
3297
3299
3305
3311
3313
3334
3345
3347
3375
3379
3392
3405
3415
3420
3425
3426
3428
3436
3438
3449
3450
3455
3456
3462
3474
3476
3485
3491
3500
3506
3512
3516
3519
3529
3535
3542
3548
3557
3592
3615
3630
3645
3647
3668
3677
3687
3700
3708
3718
3719
3721
3756
3767
3768
3771
3782
3783
3802
3804
3808
3816
3835
3837
3842
3848
3867
3875
3879
3881
3882
3883
3887
3904
3909
3929
3931
3932
3940
3943
3944
3956
3962
3974
3977
3978
3991
4000
4008
4014
4021
4027
4033
4040
4052
4055
4060
4062
4066
4073
4075
4079
4090
4097
4120
4127
4135
4142
4151
4152
4154
4156
4164
4201
4203
4211
4226
4242
4243
4249
4254
4261
4263
4277
4296
4297
4307
4309
4316
4339
4342
4350
4351
4359
4364
4367
4395
4403
4404
4411
4434
4437
4461
4467
4468
4469
4487
4489
4521
4523
4534
4539
4540
4543
4549
4572
4574
4576
4581
4586
4616
4618
4663
4672
4676
4694
4697
4698
4699
4703
4705
4707
4712
4713
4735
4736
4741
4767
4772
4778
4780
4784
4788
4799
4801
4805
4817
4827
4831
4839
4842
4850
4861
4864
4870
4873
4883
4887
4895
4896
4901
4907
4909
4910
4922
4940
4945
4947
4954
4956
4961
4976
4980
4981
4986
4988
5001
5013
5017
5022
5024
5030
5032
5038
5043
5047
5057
5075
5076
5082
5088
5092
5094
5096
5103
5105
5110
5122
5128
5130
5133
5134
5151
5157
5160
5165
5166
5173
5181
5203
5206
5208
5210
5216
5218
5243
5249
5254
5258
5275
5280
5286
5291
5294
5299
5309
5313
5315
5318
5323
5330
5337
5348
5353
5356
5357
5359
5364
5380
5384
5389
5394
5395
5396
5401
5404
5407
5408
5421
5441
5444
5456
5465
5470
5475
5489
5496
5504
5538
5556
5568
5569
5574
5630
5651
5652
5654
5658
5667
5669
5677
5690
5699
5712
5722
5723
5726
5730
5738
5742
5760
5762
5766
5768
5781
5785
5793
5796
5800
5803
5807
5811
5816
5821
5835
5842
5850
5855
5865
5873
5887
5889
5890
5898
5902
5922
5931
5956
5958
5969
5981
5994
6030
6040
6043
6047
6048
6051
6060
6070
6074
6077
6084
6085
6098
6107
6115
6116
6117
6127
6138
6141
6143
6145
6162
6166
6168
6171
6172
6176
6178
6180
6184
6190
6191
6201
6209
6213
6216
6222
6228
6258
6261
6281
6285
6288
6296
6303
6307
6341
6350
6352
6356
6361
6365
6379
6399
6410
6424
6437
6439
6443
6463
6465
6467
6469
6471
6488
6491
6498
6500
6501
6505
6508
6512
6556
6557
6565
6567
6574
6577
6580
6584
6589
6592
6610
6613
6615
6623
6628
6634
6635
6639
6646
6657
6669
6675
6686
6692
6696
6701
6706
6712
6716
6719
6734
6737
6742
6746
6751
6752
6755
6759
6760
6765
6766
6771
6773
6786
6790
6795
6798
6814
6833
6839
6848
6851
6853
6856
6858
6863
6868
6874
6882
6886
6901
6902
6911
6916
6923
6930
6944
6955
6965
6989
6990
6993
7005
7016
7022
7027
7029
7030
7032
7038
7044
7053
7054
7057
7067
7068
7101
7103
7106
7107
7108
7109
7110
7112
7115
7117
7125
7131
7133
7139
7141
7155
7164
7170
7175
7176
7177
7181
7182
7190
7194
